Computed by calculate_trainset_mean_std.py

mean:[0.4828516514356995, 0.49821805717449236, 0.43203745816350636]
std:[0.2366869720119928, 0.23293982483214154, 0.27206493785691055]